
1 4 7 
2 5 8 
3 6   

1 4 7 
2 5   
3 6 8 

1 4 7 
2   5 
3 6 8 

1 4 7 
2 6 5 
3   8 

1 4 7 
2 6 5 
  3 8 

1 4 7 
  6 5 
2 3 8 

  4 7 
1 6 5 
2 3 8 

4   7 
1 6 5 
2 3 8 

4 6 7 
1   5 
2 3 8 

4 6 7 
1 3 5 
2   8 

4 6 7 
1 3 5 
  2 8 

4 6 7 
  3 5 
1 2 8 

4 6 7 
3   5 
1 2 8 

4 6 7 
3 5   
1 2 8 

4 6   
3 5 7 
1 2 8 

4   6 
3 5 7 
1 2 8 

  4 6 
3 5 7 
1 2 8 

3 4 6 
  5 7 
1 2 8 

3 4 6 
1 5 7 
  2 8 

3 4 6 
1 5 7 
2   8 

3 4 6 
1   7 
2 5 8 

3   6 
1 4 7 
2 5 8 

3 6   
1 4 7 
2 5 8 
